Час,Подія,Деталі
